3 1 90 96
3 2 214 222
3 3 122 133
3 4 112 122
3 5 18 19
3 5 34 49
3 6 166 178
3 7 229 230
3 7 235 236
3 8 241 246
3 8 249 250
3 9 139 141 
3 10 202 203
3 11 0 12
3 12 55 64
3 13 148 159
3 14 184 196
3 15 20 29
4 1 90 99
4 2 214 223 
4 3 126 135
4 4 112 121
4 5 37 50
4 6 167 178
4 7 230 231
4 8 241 242
4 8 244 246
4 9 139 140
4 10 202 204
4 11 5 12
4 12 56 65
4 13 148 160
4 14 184 190
4 15 18 29
1 1 221 222
1 2 196 205
1 3 168 176
1 4 67 68
1 5 138 142
1 6 182 186
1 7 157 159
1 8 43 46
1 9 129 131
1 10 210 211
1 11 81 85
1 12 97 100
1 13 235 237
1 14 23 35
1 15 5 16
2 1 221 222
2 2 196 201
2 3 168 173
2 4 61 62
2 5 138 142
2 6 182 186
2 7 157 158
2 8 42 46
2 9 129 130
2 10 210 211
2 11 81 84 
2 12 97 100
2 13 40 41  
2 13 104 106 
2 13 235 238
2 14 18 18  
2 14 23 35  
2 15 4 17   
5 1 146 147 
5 2 58 67
5 3 103 114
5 4 193 201
5 5 208 219
5 6 131 140
5 7 6 7
5 8 227 232
5 9 91 94
5 10 120 122
5 11 22 33
5 12 246 251
5 13 72 75
5 14 178 186
5 15 40 51
6 1 146 149
6 2 57  67
6 3 103 114
6 4 193 205
6 5 208 219
6 6 131 139
6 7 5 6
6 8 226 233
6 9 90 93
6 10 120 121
6 11 22 30
6 12 245 253
6 13 72 73
6 14 177 185
6 15 38 49
9 1 185 190
9 2 18 30
9 3 65 77
9 4 211 220
9 5 131 145
9 6 95 110
9 7 83 84
9 7 88 89
9 8 113 124
9 9 201 203
9 10 54 56
9 11 170 179
9 12 149 158
9 13 35 53
9 13 61 63
9 14 4 13
9 14 197 199
9 15 227 255
10 1 185 193
10 2 19 31
10 3 65 78
10 4 210 224
10 5 131 141
10 6 94 108
10 7 83 88
10 8 112 120
10 9 201 202
10 10 54 56
10 11 171 180
10 12 149 160
10 13 35 44
10 13 52 54
10 14 4 13
10 14 62 64
10 14 81 82
10 15 241 255
7 1 34 45
7 2 132 145
7 3 149 165
7 4 183 192
7 5 232 246
7 6 97 112
7 7 4 10
7 8 49 58
7 9 86 92
7 10 253 259
7 11 202 212
7 12 67 79
7 13 115 122
7 14 167 179
7 15 17 28
8 1 34 45
8 2 132 147
8 3 148 165
8 4 182 196
8 5 233 248
8 6 97 112
8 7 5 11
8 8 49 61
8 9 86 93
8 10 254 259
8 11 201 207
8 12 68 79
8 13 83 84
8 13 115 126
8 14 167 179
8 15 17 28